"edgesFrom" : [
[1, 2, 3, 4, ],
[2, 3, 4, 31, ],
[3, 4, 7, ],
[2, 4, 9, 10, 29, 30, ],
[3, ],
[3, 4, 6, ],
[3, 4, 7, ],
[10, 11, ],
[3, 4, 6, 9, ],
[],
[],
[10, 12, ],
[7, ],
[3, 4, 14, 15, 16, 17, 18, 19, 20, 21, 22, 23, 24, 25, ],
[],
[],
[21, 22, ],
[23, ],
[14, ],
[18, 25, 14, ],
[1, 3, 4, 25, 26, 27, 28, 13, 14, ],
[16, 22, 14, ],
[],
[17, 14, ],
[48, 49, 98, 99, 19, 21, 87, 55, 56, 60, 14, 47, ],
[144, 27, 59, 28, 14, ],
[18, 3, 4, 14, ],
[59, 28, 14, ],
[14, ],
[4, 10, ],
[4, 10, ],
[43, 44, ],
[1, 4, 10, 30, ],
[32, 3, 4, 10, 29, 30, ],
[32, 33, 1, 2, 3, 35, 4, 30, ],
[],
[37, 38, 39, 40, ],
[36, ],
[84, 36, ],
[84, 36, ],
[],
[42, ],
[],
[44, ],
[31, ],
[48, 49, 50, 19, 46, 47, ],
[73, 138, 42, 76, 77, 14, 111, 112, 144, 16, 113, 49, 17, 50, 19, 116, 21, 118, 22, 23, 120, 25, 126, 127, ],
[48, 49, 19, 53, ],
[49, 19, 60, ],
[],
[],
[48, 49, 52, 53, 21, 22, 14, ],
[],
[48, 49, 19, 87, 25, 46, 14, ],
[1, 4, 14, 49, 19, 53, 55, 56, 24, 57, 58, 59, 27, 60, ],
[64, 35, 4, 14, 47, 19, 85, 86, 24, 25, 57, 59, 27, 28, ],
[19, 23, 24, 14, ],
[1, 2, 3, 4, 6, 10, 14, 16, 17, 18, 19, 21, 22, 23, 25, 28, 30, ],
[27, 59, 28, 61, 14, ],
[27, 28, 14, ],
[49, 19, 103, 25, 28, 14, ],
[],
[59, 27, 28, ],
[64, 55, 24, 59, 28, 62, ],
[86, 27, 59, 28, 14, ],
[63, ],
[48, 53, ],
[68, 69, ],
[],
[],
[67, ],
[49, 36, 69, 72, 73, 74, 42, 75, 76, 77, 78, 79, ],
[],
[146, 117, 150, ],
[],
[73, 138, 108, 76, 109, 77, 110, 46, 14, 15, 49, 146, 116, 118, 119, 121, 25, 122, 123, 124, 125, 126, 127, ],
[],
[36, 149, 117, 73, 109, 111, 31, ],
[],
[80, 67, 68, 69, 70, 77, ],
[81, 67, 68, 69, 72, 73, 77, ],
[],
[83, 70, ],
[82, 67, 68, 69, ],
[36, 40, ],
[86, ],
[],
[48, 19, 88, 89, 90, 91, 92, 93, ],
[48, 19, 75, ],
[48, 2, 19, 57, ],
[48, 49, 19, 94, ],
[48, 19, 15, 95, ],
[96, 48, 19, ],
[48, 19, ],
[19, ],
[19, 25, 14, ],
[4, 57, ],
[31, ],
[19, 87, 24, ],
[19, 21, 22, 24, 60, ],
[101, 102, 25, 42, 28, 14, ],
[],
[112, 109, 110, 111, 31, ],
[],
[100, 102, 103, 105, 106, 107, 14, 16, 17, 19, 21, 22, 23, 25, 28, ],
[112, 102, 103, 108, 109, 110, 111, ],
[101, 25, 42, 107, 28, 14, ],
[102, 108, 109, 110, 15, ],
[],
[],
[],
[],
[],
[114, 25, 42, 28, 14, ],
[115, ],
[114, ],
[117, 118, 119, 120, 121, 77, ],
[],
[76, 14, ],
[73, 76, ],
[],
[],
[42, 76, ],
[76, ],
[76, ],
[73, 76, ],
[114, 73, 76, ],
[73, 76, ],
[129, ],
[],
[114, 131, 36, ],
[118, 76, 14, ],
[36, 133, 118, 134, 135, 42, 76, 14, ],
[128, ],
[],
[],
[118, 76, 14, ],
[118, 76, 14, ],
[118, 76, 14, ],
[136, ],
[141, 14, ],
[114, 118, 42, 76, 14, ],
[119, 73, 42, 76, ],
[118, 124, 76, 14, ],
[],
[96, ],
[],
[49, 75, ],
[49, 19, 53, 149, 73, 25, 75, 76, 77, ],
[117, ],
[],
]


"edgesTo" : [
[],
[0, 32, 34, 20, 54, 57, ],
[0, 1, 34, 3, 57, 89, ],
[0, 1, 33, 2, 34, 4, 5, 6, 8, 13, 20, 57, 26, ],
[0, 32, 96, 1, 33, 2, 34, 3, 5, 6, 8, 13, 20, 54, 55, 57, 26, 29, 30, ],
[],
[5, 8, 57, ],
[2, 6, 12, ],
[],
[3, 8, ],
[32, 33, 3, 7, 57, 11, 29, 30, ],
[7, ],
[11, ],
[20, ],
[64, 131, 132, 136, 137, 138, 75, 140, 13, 141, 143, 18, 19, 20, 21, 23, 24, 25, 26, 27, 28, 95, 100, 104, 106, 46, 113, 51, 53, 54, 118, 55, 56, 57, 58, 59, 60, ],
[75, 91, 107, 13, ],
[21, 104, 57, 13, 46, ],
[23, 104, 57, 13, 46, ],
[19, 57, 26, 13, ],
[13, 148, 87, 24, 88, 89, 90, 91, 92, 93, 94, 95, 98, 99, 104, 45, 46, 47, 48, 53, 54, 55, 56, 57, 60, ],
[13, ],
[16, 51, 99, 24, 104, 57, 13, 46, ],
[16, 51, 99, 21, 104, 57, 13, 46, ],
[17, 56, 104, 57, 13, 46, ],
[98, 99, 54, 55, 56, 13, 63, ],
[100, 104, 106, 75, 13, 46, 113, 19, 20, 148, 53, 55, 57, 60, 95, ],
[20, ],
[64, 20, 54, 55, 25, 58, 59, 62, ],
[64, 100, 104, 106, 113, 20, 55, 25, 57, 58, 27, 59, 60, 62, 63, ],
[33, 3, ],
[32, 33, 34, 3, 57, ],
[1, 97, 102, 44, 77, ],
[33, 34, ],
[34, ],
[],
[34, 55, ],
[130, 84, 132, 37, 38, 39, 71, 77, ],
[36, ],
[36, ],
[36, ],
[36, 84, ],
[],
[113, 100, 132, 71, 41, 106, 122, 141, 46, 142, ],
[31, ],
[43, 31, ],
[],
[53, 75, 45, ],
[55, 24, 45, ],
[66, 45, 47, 51, 53, 87, 24, 88, 89, 90, 91, 92, 93, ],
[71, 75, 45, 46, 47, 48, 51, 147, 148, 53, 54, 24, 90, 60, ],
[45, 46, ],
[],
[51, ],
[66, 51, 148, 54, 47, ],
[],
[54, 24, 63, ],
[54, 24, ],
[96, 54, 55, 89, ],
[54, ],
[64, 54, 55, 25, 58, 27, 62, 63, ],
[48, 99, 54, 24, ],
[58, ],
[63, ],
[65, ],
[55, 63, ],
[],
[],
[80, 83, 70, 79, ],
[80, 67, 83, 79, ],
[80, 67, 83, 71, 79, ],
[82, 79, ],
[],
[80, 71, ],
[80, 148, 71, 119, 75, 77, 125, 46, 126, 142, 127, ],
[71, ],
[147, 148, 71, 88, ],
[131, 132, 71, 136, 137, 138, 75, 141, 46, 142, 143, 148, 118, 119, 122, 123, 124, 125, 126, 127, ],
[80, 116, 148, 71, 75, 46, 79, ],
[71, ],
[71, ],
[79, ],
[80, ],
[83, ],
[82, ],
[38, 39, ],
[55, ],
[64, 85, 55, ],
[98, 53, 24, ],
[87, ],
[87, ],
[87, ],
[87, ],
[87, ],
[87, ],
[90, ],
[91, ],
[145, 92, ],
[],
[24, ],
[24, ],
[104, ],
[100, 106, ],
[100, 104, 105, 107, ],
[104, 105, 60, ],
[],
[104, ],
[104, ],
[104, 106, ],
[105, 75, 107, ],
[102, 105, 75, 107, 77, ],
[102, 105, 75, 107, ],
[102, 105, 77, 46, ],
[102, 105, 46, ],
[46, ],
[113, 130, 115, 141, 126, ],
[114, ],
[75, 46, ],
[116, 149, 73, 77, ],
[131, 116, 132, 136, 137, 138, 75, 141, 46, 143, ],
[116, 75, 142, ],
[116, 46, ],
[116, 75, ],
[75, ],
[75, ],
[75, 143, ],
[75, ],
[75, 46, ],
[75, 46, ],
[133, ],
[128, ],
[],
[130, ],
[],
[132, ],
[132, ],
[132, ],
[139, ],
[],
[75, 46, ],
[],
[],
[140, ],
[],
[],
[25, 46, ],
[],
[73, 75, ],
[],
[],
[148, 77, ],
[73, ],
]
